 "0.0": [ 185,234,255 ],
          "0.20": [ 255,170,75 ],
          "0.21": [ 255,177,130 ],
          "0.25": [ 108,31,9 ],
          "0.30": [ 47,12,3 ],
          "0.35": [ 45,10,3 ],
          "0.40": [ 60,81,100 ],
          "0.45": [ 30,37,45 ],
          "0.50": [ 18,24,30 ],
          "0.65": [ 30,37,45 ],
          "0.71": [ 49,66,80 ],
          "0.72": [ 108,31,9 ],
          "0.75": [ 255,119,0 ],
          "0.80": [ 255,170,75 ],
          "0.85": [ 89,116,157 ],
          "1.0": [ 185,234,255 ]  